==> exports/10-where-from-classifications.csv <==
371568246
371568247
371568811
371569071
371569411
371569789
371569888
371570493
371570519
371577877

==> exports/11-nature-of-complaint-classifications.csv <==
373829204
373829331
373842342
393249916
393250552
393251004
393251381
393251757
393251988
393252448

==> exports/12-date-of-discharge-classifications.csv <==
390922442
390923082
390923636
390924206
390924700
390925366
390925713
390926153
390927385
390928110

==> exports/14-number-of-days-in-hospital-classifications.csv <==
367082840
367083141
367083604
367083776
367084100
367084327
367084553
367084859
367085339
367471988

==> exports/1-admission-number-classifications.csv <==
393139894
393140604
393141042
393141753
393142177
393142575
393143150
393143601
393144333
393144859

==> exports/2-date-of-entry-classifications.csv <==
357542926
357543367
357544029
357544699
357683844
357684220
357684540
358601059
358601796
393222183

==> exports/3-name-classifications.csv <==
393202659
393418090
393419827
393422232
393423967
393426015
393427386
393431299
393434255
393435694

==> exports/5-age-classifications.csv <==
359477964
359478145
359478321
359478543
359478728
359478944
359479306
362487889
393222704
393223171

==> exports/7-place-of-birth-nationality-classifications.csv <==
365664825
365665096
365665685
365665910
365666212
365666564
365666620
365762351
365772947
366038869

==> exports/8-ship-ship-or-place-of-employment-last-ship-classifications.csv <==
387393329
387393932
387394510
387394955
387397096
387398550
387400743
387402969
387404072
387410751

==> exports/hms-nhs-the-nautical-health-service-subjects.csv <==
60262265
60262265
60262266
60262266
60262267
60262267
60262268
60262268
60262269
60262269

==> exports/hms-nhs-the-nautical-health-service-workflows.csv <==
18623
18624
18624
18624
18624
18624
18624
18625
18625
18625

==> exports/how-disposed-of-dd-classifications.csv <==
391541725
391547764
391548635
391549872
391550698
391551536
391552302
391553112
391553999
391554937

==> exports/quality-dd-classifications.csv <==
374337866
374340159
374342229
374348422
374632962
378296303
378297683
378306113
378307036
378308756

==> exports/years-at-sea-classifications.csv <==
385800583
385800762
385800859
385861209
385862138
385862692
385863264
385863584
385865736
385897620
