==> exports/1-admission-number-classifications.csv <==
411457477
411459114
466983671
466984647
467022417
467484824
467485132
467485823
467602901
467603507

==> exports/10-where-from-classifications.csv <==
443099502
443099947
443100379
443101030
443101423
443101868
443102331
443102796
443103212
443103774

==> exports/11-nature-of-complaint-classifications.csv <==
500540440
500540750
500541253
500541776
500542504
500542539
500543393
500543623
500544602
500546026

==> exports/12-date-of-discharge-classifications.csv <==
491168979
491169076
491169506
491169580
491169999
491170135
491170436
491170832
491170978
491171342

==> exports/13-how-disposed-of-classifications.csv <==
504322096
504332976
504336314
504342503
504344235
504344876
504463346
506708501
506881427
506895171

==> exports/14-number-of-days-in-hospital-classifications.csv <==
445165940
445166323
445166756
445167249
446357662
446357852
446358032
446358222
446358470
446358814

==> exports/2-date-of-entry-classifications.csv <==
427343819
427344519
427345259
427346596
427347409
427348331
427349133
427349803
427350611
467643101

==> exports/3-name-classifications.csv <==
498401303
498403330
498581357
498582065
498582529
498583844
498584305
498584740
498585475
498586381

==> exports/4-quality-classifications.csv <==
502019352
502020297
502021117
502021685
502022165
502022884
502023570
502029800
502030287
502030746

==> exports/5-age-classifications.csv <==
429129290
429129512
429129756
429130347
429133694
429136577
429137066
429137493
429137874
467429291

==> exports/6-creed-classifications.csv <==
495515280
495516525
495519181
495519859
495521079
495521630
495522217
495522904
495526349
495527675

==> exports/7-place-of-birth-nationality-classifications.csv <==
437312113
437312465
437312662
437312779
437312908
437313055
437313186
437313336
437313914
437314229

==> exports/8-ship-ship-or-place-of-employment-last-ship-classifications.csv <==
510623532
510624584
510624712
510624986
510625080
510625856
510626067
510626709
510627830
511045986

==> exports/9-of-what-port-port-of-registration-classifications.csv <==
490360942
490361492
490362151
490362757
490363418
490550535
490878595
490879217
490879733
490880199

==> exports/hms-nhs-the-nautical-health-service-subjects.csv <==
60262269
60262269
60262269
60262269
60262269
60262269
60262269
60262269
60262269
60262269

==> exports/hms-nhs-the-nautical-health-service-workflows.csv <==
20285
20285
20285
20285
20285
20285
20285
20285
20285
21523

