==> exports/1-admission-number-classifications.csv <==
411457477
411459114
466983671
466984647
467022417
467484824
467485132
467485823
467602901
467603507

==> exports/10-where-from-classifications.csv <==
443099502
443099947
443100379
443101030
443101423
443101868
443102331
443102796
443103212
443103774

==> exports/11-nature-of-complaint-classifications.csv <==
487622426
487623516
487627720
487632336
487698894
487700479
487701923
487703150
487704417
487807709

==> exports/12-date-of-discharge-classifications.csv <==
487772707
487773063
487773440
487774146
487775193
487830463
487831353
487832507
487832770
487833306

==> exports/14-number-of-days-in-hospital-classifications.csv <==
445165940
445166323
445166756
445167249
446357662
446357852
446358032
446358222
446358470
446358814

==> exports/2-date-of-entry-classifications.csv <==
427343819
427344519
427345259
427346596
427347409
427348331
427349133
427349803
427350611
467643101

==> exports/3-name-classifications.csv <==
487637295
487641232
487650701
487667597
487678909
487753050
487827287
487829796
487831989
487834752

==> exports/5-age-classifications.csv <==
429129290
429129512
429129756
429130347
429133694
429136577
429137066
429137493
429137874
467429291

==> exports/7-place-of-birth-nationality-classifications.csv <==
437312113
437312465
437312662
437312779
437312908
437313055
437313186
437313336
437313914
437314229

==> exports/8-ship-ship-or-place-of-employment-last-ship-classifications.csv <==
487673131
487674398
487675891
487696587
487696684
487823808
487825248
487826482
487827227
487833338

==> exports/hms-nhs-the-nautical-health-service-subjects.csv <==
60262269
60262269
60262269
60262269
60262269
60262269
60262269
60262269
60262269
60262269

==> exports/hms-nhs-the-nautical-health-service-workflows.csv <==
20285
20285
20285
20285
20285
20285
20285
20285
20285
21523

==> exports/how-disposed-of-dd-classifications.csv <==
391541725
391547764
391548635
391549872
391550698
391551536
391552302
391553112
391553999
391554937

==> exports/quality-dd-classifications.csv <==
374337866
374340159
374342229
374348422
374632962
378296303
378297683
378306113
378307036
378308756

==> exports/years-at-sea-classifications.csv <==
385800583
385800762
385800859
385861209
385862138
385862692
385863264
385863584
385865736
385897620

