==> exports/10-under-what-circumstances-admitted-or-nature-of-complaint-classifications.csv <==
373826924
373827207
373827533
373827768
373828606
373828997
373829128
373829204
373829331
373842342

==> exports/11-date-of-discharge-classifications.csv <==
381542844
381543275
381543549
381548323
381549356
381550261
381555872
381556087
381560198
381562449

==> exports/12-how-disposed-of-classifications.csv <==
381458083
381527482
381528199
381530533
381531394
381532100
381551996
381553078
381556044
381557256

==> exports/13-number-of-days-victualled-classifications.csv <==
367082840
367083141
367083604
367083776
367084100
367084327
367084553
367084859
367085339
367471988

==> exports/1-admission-number-classifications.csv <==
351840476
351840507
351840760
351840890
351841039
351841177
351841379
351841427
351841777
373400506

==> exports/2-date-of-entry-classifications.csv <==
357542540
357542926
357543367
357544029
357544699
357683844
357684220
357684540
358601059
358601796

==> exports/3-name-classifications.csv <==
360832442
360832792
360835173
360835740
360836386
360836825
360837265
360841355
360841600
360841830

==> exports/4-quality-classifications.csv <==
374337866
374340159
374342229
374348422
374632962
378296303
378297683
378306113
378307036
378308756

==> exports/5-age-classifications.csv <==
359477701
359477844
359477964
359478145
359478321
359478543
359478728
359478944
359479306
362487889

==> exports/6-place-of-birth-classifications.csv <==
365664825
365665096
365665685
365665910
365666212
365666564
365666620
365762351
365772947
366038869

==> exports/7-port-sailed-out-of-classifications.csv <==
371568246
371568247
371568811
371569071
371569411
371569789
371569888
371570493
371570519
371577877

==> exports/8-years-at-sea-classifications.csv <==
381547015
381547232
381547557
381547906
381548420
381549501
381550221
381550581
381559270
381560760

==> exports/9-last-services-classifications.csv <==
381554583
381555195
381556658
381558930
381559651
381559770
381560153
381560762
381561429
381562353

==> exports/hms-nhs-the-nautical-health-service-subjects.csv <==
60262265
60262265
60262266
60262266
60262267
60262267
60262268
60262268
60262269
60262269

==> exports/hms-nhs-the-nautical-health-service-workflows.csv <==
18623
18624
18624
18624
18624
18624
18624
18625
18625
18625
